
Timestamp: 958051, Type: Device, Points:  ( 437.50, -718.75, 1281.25 ) ( -531.25, 1250.00, 1187.50 ) ( -1312.50, 1062.50, 562.50 ) ( -1437.50, 656.25, 187.50 ) ( -1031.25, 968.75, 218.75 )
Timestamp: 958052, Type: IMU, Points:  ( -88357.50, 5232.50, 175000.00 ) ( 381.74, -794.22, 1273.56 )
Timestamp: 958057, Type: IMU, Points:  ( -83405.00, 5057.50, 136535.00 ) ( 382.23, -844.48, 1299.79 )
Timestamp: 958059, Type: Device, Points:  ( 437.50, -812.50, 1281.25 ) ( -500.00, 1250.00, 1187.50 ) ( -1281.25, 1093.75, 562.50 ) ( -1375.00, 687.50, 187.50 ) ( -1000.00, 1000.00, 250.00 )
Timestamp: 958059, Type: Device, Points:  ( 468.75, -875.00, 1312.50 ) ( -437.50, 1250.00, 1187.50 ) ( -1218.75, 1125.00, 562.50 ) ( -1343.75, 718.75, 187.50 ) ( -906.25, 1062.50, 218.75 )
Timestamp: 958062, Type: IMU, Points:  ( -75845.00, 4515.00, 98927.50 ) ( 385.15, -864.13, 1305.03 )
Timestamp: 958067, Type: Device, Points:  ( 468.75, -875.00, 1343.75 ) ( -406.25, 1250.00, 1156.25 ) ( -1156.25, 1156.25, 531.25 ) ( -1312.50, 781.25, 187.50 ) ( -906.25, 1062.50, 312.50 )
Timestamp: 958067, Type: IMU, Points:  ( -68477.50, 6037.50, 62335.00 ) ( 376.74, -858.51, 1323.21 )
Timestamp: 958071, Type: IMU, Points:  ( -61600.00, 8680.00, 28577.50 ) ( 313.91, -848.75, 1328.46 )
Timestamp: 958076, Type: Device, Points:  ( 437.50, -875.00, 1343.75 ) ( -375.00, 1250.00, 1093.75 ) ( -1093.75, 1187.50, 531.25 ) ( -1250.00, 843.75, 156.25 ) ( -781.25, 1093.75, 281.25 )
Timestamp: 958076, Type: Device, Points:  ( 375.00, -875.00, 1343.75 ) ( -312.50, 1250.00, 1031.25 ) ( -1031.25, 1187.50, 468.75 ) ( -1187.50, 843.75, 187.50 ) ( -781.25, 1062.50, 312.50 )
Timestamp: 958077, Type: IMU, Points:  ( -52710.00, 7875.00, -840.00 ) ( 235.46, -821.91, 1330.65 )
Timestamp: 958082, Type: IMU, Points:  ( -41335.00, 2625.00, -26355.00 ) ( 174.22, -779.95, 1329.07 )
Timestamp: 958084, Type: Device, Points:  ( 312.50, -843.75, 1343.75 ) ( -281.25, 1281.25, 937.50 ) ( -968.75, 1156.25, 406.25 ) ( -1125.00, 843.75, 156.25 ) ( -718.75, 1031.25, 312.50 )
Timestamp: 958086, Type: IMU, Points:  ( -29137.50, -4567.50, -48037.50 ) ( 122.61, -722.97, 1311.62 )
Timestamp: 958092, Type: IMU, Points:  ( -17675.00, -12057.50, -66535.00 ) ( 81.62, -669.17, 1283.68 )
Timestamp: 958092, Type: Device, Points:  ( 250.00, -781.25, 1312.50 ) ( -250.00, 1281.25, 843.75 ) ( -875.00, 1125.00, 375.00 ) ( -1062.50, 812.50, 125.00 ) ( -656.25, 1031.25, 250.00 )
Timestamp: 958092, Type: Device, Points:  ( 187.50, -718.75, 1312.50 ) ( -218.75, 1250.00, 750.00 ) ( -843.75, 1093.75, 312.50 ) ( -1031.25, 781.25, 93.75 ) ( -656.25, 1000.00, 250.00 )
Timestamp: 958096, Type: IMU, Points:  ( -7577.50, -19075.00, -81812.50 ) ( 54.17, -623.91, 1243.42 )
Timestamp: 958100, Type: Device, Points:  ( 187.50, -687.50, 1281.25 ) ( -187.50, 1187.50, 687.50 ) ( -750.00, 1062.50, 250.00 ) ( -937.50, 781.25, 62.50 ) ( -593.75, 968.75, 218.75
)
Timestamp: 958100, Type: Device, Points:  ( 156.25, -625.00, 1218.75 ) ( -187.50, 1125.00, 625.00 ) ( -718.75, 1031.25, 218.75 ) ( -906.25, 750.00, 31.25 ) ( -562.50, 937.50, 218.75
)
Timestamp: 958101, Type: IMU, Points:  ( 2765.00, -25042.50, -94202.50 ) ( 24.64, -579.62, 1190.84 )
Timestamp: 958106, Type: IMU, Points:  ( 12932.50, -30660.00, -104492.50 ) ( 1.34, -535.09, 1140.70 )
Timestamp: 958108, Type: Device, Points:  ( 125.00, -593.75, 1156.25 ) ( -187.50, 1093.75, 562.50 ) ( -687.50, 968.75, 187.50 ) ( -843.75, 750.00, 0.00 ) ( -562.50, 937.50, 187.50 )
Timestamp: 958111, Type: IMU, Points:  ( 21945.00, -35980.00, -113470.00 ) ( -8.91, -480.19, 1083.24 )
Timestamp: 958116, Type: IMU, Points:  ( 29137.50, -40092.50, -121905.00 ) ( -6.59, -423.10, 1031.88 )
Timestamp: 958117, Type: Device, Points:  ( 93.75, -531.25, 1093.75 ) ( -187.50, 1031.25, 468.75 ) ( -625.00, 906.25, 125.00 ) ( -781.25, 718.75, -31.25 ) ( -531.25, 937.50, 156.25 )Timestamp: 958117, Type: Device, Points:  ( 125.00, -468.75, 1062.50 ) ( -156.25, 1000.00, 437.50 ) ( -593.75, 875.00, 125.00 ) ( -781.25, 687.50, -62.50 ) ( -500.00, 906.25, 125.00
)
Timestamp: 958121, Type: IMU, Points:  ( 33722.50, -42280.00, -128940.00 ) ( -28.18, -367.10, 986.61 )
Timestamp: 958125, Type: Device, Points:  ( 93.75, -406.25, 1031.25 ) ( -156.25, 968.75, 375.00 ) ( -562.50, 843.75, 93.75 ) ( -750.00, 656.25, -62.50 ) ( -500.00, 875.00, 125.00 )
Timestamp: 958126, Type: IMU, Points:  ( 36260.00, -44502.50, -134697.50 ) ( -42.21, -323.91, 948.79 )
Timestamp: 958131, Type: IMU, Points:  ( 38080.00, -46340.00, -139737.50 ) ( -54.66, -288.65, 918.17 )
Timestamp: 958133, Type: Device, Points:  ( 93.75, -375.00, 968.75 ) ( -156.25, 937.50, 312.50 ) ( -531.25, 812.50, 62.50 ) ( -718.75, 625.00, -93.75 ) ( -500.00, 843.75, 62.50 )
Timestamp: 958134, Type: Device, Points:  ( 62.50, -312.50, 937.50 ) ( -125.00, 937.50, 250.00 ) ( -500.00, 781.25, 31.25 ) ( -687.50, 593.75, -93.75 ) ( -500.00, 812.50, 62.50 )
Timestamp: 958136, Type: IMU, Points:  ( 39637.50, -48090.00, -143990.00 ) ( -53.56, -249.73, 884.99 )
Timestamp: 958141, Type: IMU, Points:  ( 40355.00, -48877.50, -147700.00 ) ( -50.39, -207.03, 856.56 )
Timestamp: 958141, Type: Device, Points:  ( 93.75, -281.25, 906.25 ) ( -125.00, 906.25, 218.75 ) ( -468.75, 781.25, 0.00 ) ( -687.50, 593.75, -93.75 ) ( -500.00, 812.50, 62.50 )
Timestamp: 958142, Type: Device, Points:  ( 93.75, -250.00, 875.00 ) ( -125.00, 875.00, 218.75 ) ( -437.50, 750.00, 0.00 ) ( -687.50, 562.50, -125.00 ) ( -531.25, 781.25, 31.25 )
Timestamp: 958146, Type: IMU, Points:  ( 39760.00, -48720.00, -150902.50 ) ( -51.00, -166.04, 827.28 )
Timestamp: 958150, Type: Device, Points:  ( 93.75, -187.50, 843.75 ) ( -125.00, 875.00, 156.25 ) ( -437.50, 750.00, 0.00 ) ( -656.25, 562.50, -125.00 ) ( -531.25, 750.00, 62.50 )
Timestamp: 958150, Type: IMU, Points:  ( 37555.00, -48212.50, -153877.50 ) ( -45.26, -127.49, 802.88 )
Timestamp: 958155, Type: IMU, Points:  ( 33337.50, -46882.50, -157045.00 ) ( -42.94, -98.58, 785.68 )
Timestamp: 958158, Type: Device, Points:  ( 93.75, -156.25, 843.75 ) ( -125.00, 843.75, 125.00 ) ( -406.25, 718.75, -31.25 ) ( -656.25, 562.50, -125.00 ) ( -531.25, 750.00, 62.50 )
Timestamp: 958158, Type: Device, Points:  ( 93.75, -125.00, 812.50 ) ( -125.00, 843.75, 93.75 ) ( -375.00, 718.75, -62.50 ) ( -656.25, 562.50, -125.00 ) ( -500.00, 750.00, 62.50 )
Timestamp: 958160, Type: IMU, Points:  ( 28490.00, -44992.50, -159827.50 ) ( -47.82, -75.76, 774.33 )
Timestamp: 958165, Type: IMU, Points:  ( 23800.00, -43155.00, -161752.50 ) ( -51.97, -53.68, 770.67 )
Timestamp: 958166, Type: Device, Points:  ( 93.75, -93.75, 812.50 ) ( -93.75, 843.75, 31.25 ) ( -343.75, 718.75, -31.25 ) ( -625.00, 593.75, -125.00 ) ( -500.00, 781.25, 31.25 )
Timestamp: 958170, Type: IMU, Points:  ( 19232.50, -40775.00, -162732.50 ) ( -56.85, -26.35, 770.80 )
Timestamp: 958174, Type: Device, Points:  ( 93.75, -93.75, 812.50 ) ( -93.75, 843.75, 31.25 ) ( -343.75, 781.25, -93.75 ) ( -593.75, 593.75, -156.25 ) ( -468.75, 781.25, 62.50 )
Timestamp: 958175, Type: Device, Points:  ( 93.75, -31.25, 812.50 ) ( -93.75, 875.00, 31.25 ) ( -312.50, 781.25, -93.75 ) ( -562.50, 625.00, -187.50 ) ( -437.50, 812.50, 62.50 )
Timestamp: 958175, Type: IMU, Points:  ( 13702.50, -37765.00, -162522.50 ) ( -69.78, -6.83, 777.26 )
Timestamp: 958180, Type: IMU, Points:  ( 7735.00, -34895.00, -161140.00 ) ( -76.62, 3.90, 788.00 )
Timestamp: 958183, Type: Device, Points:  ( 62.50, -31.25, 812.50 ) ( -93.75, 875.00, -31.25 ) ( -281.25, 812.50, -156.25 ) ( -562.50, 656.25, -218.75 ) ( -375.00, 812.50, 31.25 )
Timestamp: 958183, Type: Device, Points:  ( 62.50, -31.25, 812.50 ) ( -62.50, 875.00, -31.25 ) ( -250.00, 812.50, -156.25 ) ( -531.25, 687.50, -218.75 ) ( -343.75, 843.75, 31.25 )
Timestamp: 958185, Type: IMU, Points:  ( 1767.50, -31937.50, -158585.00 ) ( -73.20, -0.61, 792.15 )
Timestamp: 958190, Type: IMU, Points:  ( -4130.00, -27492.50, -155890.00 ) ( -52.09, -16.35, 806.30 )
Timestamp: 958191, Type: Device, Points:  ( 93.75, -31.25, 843.75 ) ( -62.50, 906.25, -62.50 ) ( -218.75, 812.50, -187.50 ) ( -500.00, 687.50, -250.00 ) ( -281.25, 875.00, 0.00 )
Timestamp: 958195, Type: IMU, Points:  ( -9975.00, -20667.50, -154105.00 ) ( -54.29, -28.18, 829.84 )
Timestamp: 958199, Type: Device, Points:  ( 93.75, -62.50, 843.75 ) ( -62.50, 906.25, -93.75 ) ( -218.75, 843.75, -218.75 ) ( -468.75, 718.75, -281.25 ) ( -281.25, 875.00, -31.25 )
Timestamp: 958200, Type: Device, Points:  ( 62.50, -93.75, 875.00 ) ( -62.50, 937.50, -93.75 ) ( -218.75, 875.00, -250.00 ) ( -437.50, 781.25, -312.50 ) ( -250.00, 906.25, -31.25 )
Timestamp: 958200, Type: IMU, Points:  ( -14455.00, -13772.50, -151952.50 ) ( -81.62, -41.85, 857.17 )
Timestamp: 958205, Type: IMU, Points:  ( -17220.00, -9537.50, -149555.00 ) ( -109.56, -45.99, 887.79 )
Timestamp: 958208, Type: Device, Points:  ( 62.50, -62.50, 906.25 ) ( -62.50, 937.50, -93.75 ) ( -218.75, 906.25, -281.25 ) ( -406.25, 812.50, -312.50 ) ( -218.75, 968.75, -31.25 )
Timestamp: 958210, Type: IMU, Points:  ( -18620.00, -8400.00, -146475.00 ) ( -119.19, -46.36, 922.81 )
Timestamp: 958215, Type: IMU, Points:  ( -19285.00, -8225.00, -142555.00 ) ( -127.12, -53.44, 957.58 )
Timestamp: 958216, Type: Device, Points:  ( 62.50, -62.50, 937.50 ) ( -31.25, 937.50, -93.75 ) ( -187.50, 906.25, -281.25 ) ( -406.25, 812.50, -312.50 ) ( -187.50, 1000.00, -31.25 )
Timestamp: 958216, Type: Device, Points:  ( 62.50, -93.75, 968.75 ) ( -31.25, 968.75, -93.75 ) ( -187.50, 906.25, -281.25 ) ( -375.00, 812.50, -312.50 ) ( -187.50, 1000.00, -62.50 )
Timestamp: 958219, Type: IMU, Points:  ( -19372.50, -7717.50, -137865.00 ) ( -137.86, -66.49, 983.81 )
Timestamp: 958224, Type: Device, Points:  ( 62.50, -93.75, 1000.00 ) ( -31.25, 968.75, -125.00 ) ( -187.50, 937.50, -312.50 ) ( -375.00, 843.75, -343.75 ) ( -156.25, 1031.25, -62.50
)
Timestamp: 958225, Type: Device, Points:  ( 0.00, -125.00, 1031.25 ) ( -31.25, 1000.00, -93.75 ) ( -156.25, 937.50, -312.50 ) ( -375.00, 843.75, -343.75 ) ( -156.25, 1031.25, -62.50
)
Timestamp: 958225, Type: IMU, Points:  ( -19285.00, -6825.00, -133910.00 ) ( -151.77, -89.43, 1017.24 )
Timestamp: 958229, Type: IMU, Points:  ( -18532.50, -7052.50, -131180.00 ) ( -154.57, -118.46, 1057.86 )
Timestamp: 958232, Type: Device, Points:  ( 31.25, -156.25, 1062.50 ) ( -31.25, 1000.00, -125.00 ) ( -156.25, 937.50, -312.50 ) ( -375.00, 843.75, -343.75 ) ( -156.25, 1031.25, -62.50 )
Timestamp: 958234, Type: IMU, Points:  ( -13755.00, -7525.00, -128712.50 ) ( -174.95, -133.59, 1079.70 )
Timestamp: 958239, Type: IMU, Points:  ( -7542.50, -9520.00, -126560.00 ) ( -195.57, -131.52, 1094.58 )
Timestamp: 958241, Type: Device, Points:  ( 0.00, -187.50, 1062.50 ) ( -31.25, 1000.00, -93.75 ) ( -156.25, 937.50, -343.75 ) ( -375.00, 843.75, -343.75 ) ( -156.25, 1031.25, -62.50
)
Timestamp: 958241, Type: Device, Points:  ( -31.25, -187.50, 1062.50 ) ( -31.25, 1000.00, -125.00 ) ( -156.25, 937.50, -312.50 ) ( -375.00, 843.75, -343.75 ) ( -156.25, 1031.25, -62.50 )
Timestamp: 958244, Type: IMU, Points:  ( -1662.50, -13177.50, -125090.00 ) ( -196.79, -136.76, 1108.61 )
Timestamp: 958249, Type: Device, Points:  ( -31.25, -187.50, 1125.00 ) ( -31.25, 1000.00, -93.75 ) ( -156.25, 968.75, -312.50 ) ( -375.00, 843.75, -375.00 ) ( -125.00, 1000.00, -62.50 )
Timestamp: 958249, Type: IMU, Points:  ( 4917.50, -16572.50, -123112.50 ) ( -204.96, -111.51, 1117.15 )
Timestamp: 958254, Type: IMU, Points:  ( 10920.00, -20020.00, -121030.00 ) ( -206.55, -101.87, 1121.91 )
Timestamp: 958257, Type: Device, Points:  ( -31.25, -156.25, 1125.00 ) ( -31.25, 1031.25, -62.50 ) ( -156.25, 968.75, -312.50 ) ( -375.00, 875.00, -343.75 ) ( -156.25, 1031.25, -93.75 )
Timestamp: 958258, Type: Device, Points:  ( -31.25, -156.25, 1125.00 ) ( -31.25, 1062.50, -62.50 ) ( -187.50, 968.75, -281.25 ) ( -375.00, 875.00, -343.75 ) ( -125.00, 1031.25, -62.50 )
Timestamp: 958259, Type: IMU, Points:  ( 17132.50, -23730.00, -118002.50 ) ( -213.13, -91.50, 1123.62 )
Timestamp: 958264, Type: IMU, Points:  ( 24150.00, -27615.00, -114327.50 ) ( -213.01, -72.10, 1125.82 )